# Tx CRToLx_0_00 CRToLx_0_15 CRToLx_0_40
0.10100000000000002 3.30283e+47 3.14489e+47 3.16325e+47
0.10579855685447946 2.49437e+47 2.35025e+47 2.35482e+47
0.11082509537119326 1.88413e+47 1.76562e+47 1.7569e+47
0.11609044706467617 1.42109e+47 1.32494e+47 1.30965e+47
0.12160595805974335 1.09472e+47 1.00455e+47 9.86306e+46
0.12738351354086336 8.75669e+46 7.75785e+46 7.57969e+46
0.1334355633631325 7.01289e+46 5.99481e+46 5.83972e+46
0.13977514888003825 5.61874e+46 4.63279e+46 4.49919e+46
0.14641593104582235 4.47755e+46 3.57866e+46 3.46637e+46
0.15337221985299979 3.61241e+46 2.78004e+46 2.68677e+46
0.16065900516846846 3.01751e+46 2.18718e+46 2.10031e+46
0.16829198903465656 2.5209e+46 1.72631e+46 1.64062e+46
0.17628761950531233 2.10674e+46 1.36279e+46 1.28165e+46
0.18466312608884777 1.7604e+46 1.07553e+46 1.00113e+46
0.1934365568756125 1.47073e+46 8.48592e+45 7.79584e+45
0.2026268174291013 1.24034e+46 6.79679e+45 6.12092e+45
0.212253711524901 1.07333e+46 5.67263e+45 5.01312e+45
0.22233798382516354 9.27793e+45 4.7261e+45 4.12111e+45
0.23290136458056326 8.02308e+45 3.94026e+45 3.38904e+45
0.243966616456065 6.91893e+45 3.26914e+45 2.78477e+45
0.2555575835814057 6.02273e+45 2.76307e+45 2.33487e+45
0.26769924293198744 5.33566e+45 2.41722e+45 2.01668e+45
0.2804177581509007 4.72845e+45 2.11664e+45 1.74412e+45
0.2937405359280567 4.1904e+45 1.85352e+45 1.50834e+45
0.3076962850579185 3.75371e+45 1.64775e+45 1.32081e+45
0.32231507830309214 3.40012e+45 1.48767e+45 1.17771e+45
0.3376284171970859 3.07603e+45 1.34005e+45 1.04957e+45
0.35366929992587914 2.78388e+45 1.21479e+45 9.47703e+44
0.3704722924345749 2.5426e+45 1.13429e+45 8.85985e+44
0.3880736029123635 2.32411e+45 1.06184e+45 8.30272e+44
0.40651115981630054 2.14047e+45 9.97709e+44 7.82672e+44
0.4258246936020321 1.99429e+45 9.45424e+44 7.44455e+44
0.446055822337583 1.85802e+45 8.97757e+44 7.08077e+44
0.46724814138469667 1.73134e+45 8.5251e+44 6.73636e+44
0.4894473173409769 1.611e+45 8.09516e+44 6.39476e+44
0.5127011864452651 1.51019e+45 7.7374e+44 6.1232e+44
0.5370598576583014 1.42974e+45 7.46718e+44 5.93545e+44
0.5625758206407965 1.35241e+45 7.21e+44 5.74728e+44
0.5893040588615913 1.27817e+45 6.9593e+44 5.55742e+44
0.6173021680796391 1.21547e+45 6.76297e+44 5.39517e+44
0.6466304804551201 1.16185e+45 6.60061e+44 5.28168e+44
0.6773521945571326 1.10986e+45 6.4367e+44 5.16947e+44
0.7095335115481108 1.06081e+45 6.28584e+44 5.07727e+44
0.743243777838428 1.02014e+45 6.20469e+44 5.03635e+44
0.7785556345185843 9.81354e+44 6.12985e+44 4.99966e+44
0.8155451738909878 9.46487e+44 6.06515e+44 4.96817e+44
0.8542921034386334 9.15313e+44 6.02439e+44 4.9591e+44
0.8948799175840106 8.85048e+44 5.98932e+44 4.95298e+44
0.9373960776083547 8.59903e+44 6.00305e+44 4.98808e+44
0.981932200118946 8.37402e+44 6.02921e+44 5.04066e+44
1.028584254470578 8.15917e+44 6.05021e+44 5.09941e+44
1.0774527695666116 7.95263e+44 6.08156e+44 5.16474e+44
1.1286430504852425 7.77619e+44 6.11624e+44 5.22736e+44
1.1822654053977826 7.64264e+44 6.16778e+44 5.31123e+44
1.238435383267935 7.5132e+44 6.21829e+44 5.41152e+44
1.2972740228442738 7.38693e+44 6.27423e+44 5.51721e+44
1.3589081134824672 7.27281e+44 6.33015e+44 5.61988e+44
1.4234704683592891 7.18728e+44 6.36854e+44 5.71251e+44
1.4911002106671558 7.1371e+44 6.40358e+44 5.79141e+44
1.561943073405894 7.07994e+44 6.44091e+44 5.87297e+44
1.6361517134177608 7.02579e+44 6.47805e+44 5.95507e+44
1.7138860403424052 6.98744e+44 6.51963e+44 6.04453e+44
1.7953135612006388 6.95139e+44 6.55692e+44 6.13344e+44
1.880609741349542 6.9471e+44 6.5915e+44 6.21272e+44
1.969958382586707 6.94506e+44 6.62907e+44 6.29411e+44
2.063552019218397 6.9435e+44 6.67365e+44 6.37902e+44
2.1615923329450837 6.94681e+44 6.72415e+44 6.46685e+44
2.2642905874583876 6.96626e+44 6.77731e+44 6.55047e+44
2.37186808368593 7.00682e+44 6.83906e+44 6.63495e+44
2.4845566366650598 7.04659e+44 6.90184e+44 6.71772e+44
2.6025990750730936 7.08787e+44 6.96798e+44 6.80806e+44
2.7262497644904586 7.12896e+44 7.03527e+44 6.9028e+44
2.8557751555243067 7.18405e+44 7.10797e+44 6.9979e+44
2.991454357973745 7.26512e+44 7.19628e+44 7.10275e+44
3.1335797422739167 7.34323e+44 7.28299e+44 7.21687e+44
3.2824575695149685 7.42094e+44 7.38198e+44 7.33428e+44
3.438408651393523 7.50287e+44 7.48877e+44 7.4518e+44
3.6017690415187293 7.60074e+44 7.60001e+44 7.58407e+44
3.7728907595626042 7.71318e+44 7.71993e+44 7.72511e+44
3.9521425498150924 7.82685e+44 7.84124e+44 7.86625e+44
4.13991067577841 7.95343e+44 7.97807e+44 8.01573e+44
4.336599752512956 8.08535e+44 8.12141e+44 8.17216e+44
4.542633618528351 8.22148e+44 8.26689e+44 8.3314e+44
4.758456249098428 8.37088e+44 8.42446e+44 8.49912e+44
4.984532712968248 8.52337e+44 8.58727e+44 8.67267e+44
5.221350174514692 8.68207e+44 8.76043e+44 8.86042e+44
5.469418943520183 8.84389e+44 8.93663e+44 9.05333e+44
5.7292735748216534 9.03052e+44 9.12559e+44 9.2553e+44
6.001474020204311 9.22689e+44 9.32285e+44 9.46037e+44
6.286606835022447 9.42957e+44 9.52794e+44 9.67521e+44
6.585286442147341 9.63838e+44 9.74113e+44 9.90034e+44
6.8981564559659185 9.85142e+44 9.97132e+44 1.01452e+45
7.225891069283215 1.00816e+45 1.02016e+45 1.03827e+45
7.569196506117183 1.03251e+45 1.0437e+45 1.06217e+45
7.92881254351649 1.05767e+45 1.06928e+45 1.08805e+45
8.305514105680587 0 0 0
8.700112933817113 0 0 0
9.113459335335069 0 0 0
9.546444016142908 0 0 0
10.0 0 0 0
