# R total star cen sat twohalo
0.001 47043.13231717545 47043.13231717545 0.0 0.0 0.0
0.0011233240329780276 36719.87661254603 37280.87784636202 -539.5173214807717 -19.898597979301897 -1.585314355915714
0.001261856883066021 29119.350371672037 29544.45812886331 -408.0730225688073 -15.778400458629328 -1.256334163837094
0.0014174741629268048 23095.943338701763 23413.47780825758 -304.0213283118021 -12.517518439986917 -0.995622804024565
0.0015922827933410922 18322.38534531352 18554.780754033083 -221.670888540603 -9.935506079018715 -0.7890140999397218
0.001788649529057435 14539.363678301688 14704.346430277614 -156.47070548401763 -7.886764359555478 -0.6252821323524028
0.002009233002565048 11541.353462869778 11652.943077466478 -104.82790476242165 -6.266180868842025 -0.49552896543617975
0.002257019719633919 9165.43660189504 9234.758104383865 -63.9204071401353 -5.008394987108582 -0.3927003615827326
0.0025353644939701114 7282.500488395314 7318.387868159449 -31.520681359119514 -4.055491808242047 -0.3112065967730162
0.002848035868435802 5790.233508356022 5799.697229037142 -5.895522444967203 -3.321575689054993 -0.24662254709762718
0.0031992671377973846 4607.558735097579 4596.1608696425355 14.320043479837457 -2.7267353537598167 -0.1954426710332135
0.003593813663804626 3670.2386023333374 3642.378887275184 30.234730760667563 -2.2201297020175503 -0.15488600049652923
0.004037017258596553 2927.3782041460186 2886.522977490953 42.75012846829497 -1.7721556040568909 -0.12274620917228302
0.004534878508128582 2338.6188454093976 2287.5200953672083 52.569077716623475 -1.3730523217424557 -0.09727535269165974
0.0050941380148163806 1871.91854939774 1812.8205552194333 60.22040053500596 -1.0453167490135915 -0.07708960768561976
0.00572236765935022 1501.8659398510088 1436.611746932385 66.12062669194319 -0.8053411616131078 -0.06109261170629624
0.006428073117284319 1208.4228503887912 1138.4902410182629 70.6089926964304 -0.627967123769717 -0.04841620213254507
0.007220809018385464 975.7193685789379 902.2778966131606 73.95785861091558 -0.47801408223860176 -0.038372562899620134
0.008111308307896872 791.0438628878204 715.0398026286734 76.37587562071313 -0.3414014690572475 -0.030413892508915196
0.009111627561154887 644.3146045482556 566.5403154797493 78.02051850562512 -0.2221263409336525 -0.024103096185134953
0.010235310218990263 527.8484665843472 448.9735112457341 79.01559933147449 -0.12154556481351615 -0.019098428047847168
0.011497569953977356 435.21329130987476 355.8038294761546 79.45753554406053 -0.03293030186126653 -0.015143408479086115
0.01291549665014884 361.4288854921734 281.9684500286858 79.4221570714886 0.05031252252494312 -0.012034130525968984
0.014508287784959394 302.54442164186463 223.45517452309466 78.96713865187986 0.13168655451121944 -0.009578087621163741
0.016297508346206444 255.4267272975138 177.08440435824238 78.13689669546842 0.21303290109857811 -0.0076066572956178845
0.01830738280295368 217.59286839106414 140.33636201909704 76.9670729874431 0.2954464769067238 -0.006013092382750602
0.020565123083486514 187.07526888044217 111.21416691733863 75.48656231995186 0.37929049542850096 -0.004750852276836677
0.02310129700083159 162.31634402222508 88.13532533666891 73.71946510162748 0.4653312104583812 -0.0037776265296782675
0.02595024211399736 142.0883958018194 69.84573807016878 71.68946306983236 0.5562213643876811 -0.0030267025694275447
0.029150530628251757 125.42070554404393 55.351552943515934 69.41698275003085 0.654607722998111 -0.002437872500973491
0.03274549162877728 111.55136528778208 43.86515910506779 66.92509444376256 0.7630869720668824 -0.001975233115157383
0.036783797718286326 99.88172110673757 34.76238842433985 64.23690073531245 0.8840504508162411 -0.0016185037309789734
0.04132012400115337 89.9414661868682 27.548598332225502 61.37630969806512 1.0179090471801937 -0.0013508906026211416
0.046415888336127795 81.36519786650028 21.831793051909955 58.372276034425255 1.1622862392796005 -0.0011574591145286982
0.052140082879996844 73.86668669440466 17.301322634040528 55.25101695262125 1.3153737914909591 -0.0010266837480601445
0.05857020818056667 67.23273851758628 13.711002306380658 52.044970317241 1.4777179486888006 -0.0009520547241781003
0.0657933224657568 61.29919866093332 10.865734847097794 48.78408690044173 1.650306326246667 -0.0009294128528594991
0.07390722033525779 55.94200812922854 8.610909044373216 45.499959943602356 1.8320970108702461 -0.000957869617279647
0.08302175681319744 51.0682326120967 6.823998156946848 42.224634022360895 2.0206393116407706 -0.0010388788518122746
0.093260334688322 46.60732193965624 5.407901837779026 38.9868273597659 2.213769003867627 -0.0011762617563144421
0.10476157527896651 42.51027694969767 4.285669722416599 35.81659823076561 2.4093881868303066 -0.0013791903148396658
0.11768119524349979 38.739507824063246 3.3963199630083376 32.73919757565758 2.605647660128636 -0.0016573747313103162
0.13219411484660287 35.26685564629235 2.691525488022116 29.777221487661706 2.8001382407136917 -0.0020295701051674833
0.1484968262254465 32.07074256174914 2.132987919741207 26.949758492411274 2.9905120342683174 -0.0025158846716561455
0.1668100537200059 29.134473136358196 1.6903564487904041 24.273334379604275 3.173929047498455 -0.0031467395349390075
0.1873817422860383 26.445302060237246 1.3395785777886566 21.762663420438656 3.347022834040624 -0.0039627720306907544
0.21049041445120198 23.992390429848207 1.0615931138987724 19.42898003166366 3.5068253034159342 -0.005008019130157202
0.23644894126454072 21.76470167378986 0.8412943877750592 17.279512096256465 3.6502467694458844 -0.006351579687548114
0.26560877829466867 19.751727142846004 0.6667114147928629 15.318417351535755 3.7746661623547566 -0.008067785837369933
0.298364724028334 17.93225849742477 0.5283573943606885 13.536489728420872 3.8777539486862587 -0.010342574043050628
0.3351602650938841 16.282054097017365 0.4187141992496828 11.919225063871266 3.957509836459266 -0.013395002562850207
0.37649358067924676 14.770670957709386 0.33182384220332806 10.444830427852796 4.011436683787747 -0.01741999613448371
0.4229242874389499 13.357588025076698 0.2629647202122262 9.081001760286501 4.03622349760623 -0.022601953028259722
0.4750810162102798 12.014509423018868 0.20839504363861192 7.806694971001051 4.029046869844159 -0.029627461464952615
0.5336699231206307 10.740593475442115 0.1651495081853186 6.629440937724383 3.987295561407413 -0.04129253187499947
0.5994842503189409 9.541118230396624 0.13087816090842508 5.561414047506871 3.9089086471906964 -0.060082625209369425
0.6734150657750821 8.424772334997858 0.10371870428793907 4.610745195248915 3.793797030731531 -0.08348859527052682
0.7564633275546291 7.401683908447482 0.08219529938761876 3.782737920436232 3.643017684327925 -0.10626699570429345
0.8497534359086438 6.47722336072485 0.06513836908976821 3.076842459117774 3.45860967143574 -0.12336713891843161
0.9545484566618337 5.650417394708777 0.05162104353030669 2.4835842920734206 3.244433209378668 -0.12922115027361883
1.072267222010323 4.918881877039739 0.04090879419295117 1.9933723195033606 3.004328866538509 -0.11972810319508136
1.2045035402587825 4.2749490409239295 0.032419519790193814 1.5926313996710852 2.7442734823679307 -0.09437536090527998
1.3530477745798062 3.710456362786909 0.025691915006575024 1.2684241887360337 2.470138920570866 -0.053798661526566025
1.5199110829529332 3.2173863965502036 0.02036040326867307 1.008304215405875 2.189171959367548 -0.0004501814918923831
1.7073526474706904 2.7879070464030598 0.016135271394012596 0.8003464403500856 1.9095209761639806 0.06190435849498093
1.9179102616724888 2.4153487602682557 0.012786926640054147 0.6347684573649008 1.638491530094484 0.12930184616881676
2.1544346900318843 2.0934324815277945 0.010133420684749025 0.5031731074771905 1.383750073251649 0.19637588011420612
2.420128264794381 1.8167861886968613 0.008030562594489457 0.39878966800923166 1.151484191857386 0.2584817662357542
2.71858824273294 1.579433979384934 0.006364083520293559 0.3160492703767769 0.9452671712672854 0.3117534542205779
3.0538555088334154 1.375871763037247 0.005043427353528637 0.25047251578930474 0.7672690807333721 0.3530867391610415
3.4304692863149193 1.2017753421712878 0.003996829926761799 0.19849764926648392 0.617387040721363 0.3818938222566792
3.8535285937105273 1.0537792532990988 0.003167419364587871 0.15730454554019282 0.4933527963558854 0.39995449203843264
4.328761281083057 0.928989905922577 0.0025101256783509173 0.1246594503806965 0.392711909847228 0.4091084200163017
4.862601580065354 0.824374588282256 0.0019892316728121265 0.09878938828309242 0.3117803690221702 0.41181559930418127
5.462277217684343 0.7357083303975126 0.0 0.07828908192886606 0.2472367424167601 0.41018250605188644
6.13590727341317 0.6635634991219973 0.0 0.06204373858851978 0.19599211361472632 0.4055276469187512
6.892612104349695 0.6031736200788236 0.0 0.04916914235863608 0.15533084815135104 0.3986736295688364
7.742636826811269 0.5521909514762009 0.0 0.03896537220359088 0.12308771006064655 0.3901378692119635
8.697490026177835 0.508539395797926 0.0 0.03087888762791601 0.09753353979801797 0.38012696837199195
9.770099572992246 0.4705883829975997 0.0 0.02447094953226633 0.07729322030280907 0.3688242131625243
10.974987654930567 0.43718917137419355 0.0 0.01939304322146665 0.061259283716011095 0.3565368444367158
12.32846739442066 0.40746179715811126 0.0 0.015368782004961737 0.04854999653900503 0.3435430186141445
13.848863713938718 0.3805004017510218 0.0 0.012179444272317107 0.03847366374577727 0.3298472937329274
15.556761439304722 0.35544148297646105 0.0 0.009651921459424933 0.030487726523829573 0.3153018349932065
17.47528400007683 0.33172719729018973 0.0 0.007648972224833005 0.024160743078445998 0.2999174819869107
19.630406500402724 0.30918802107322996 0.0 0.006061703284614176 0.019147568594993846 0.2839787491936219
22.051307399030456 0.28771225693226976 0.0 0.004803810946955355 0.015174505874241488 0.26773394011107293
24.77076355991709 0.2671222921867118 0.0 0.0038069385945738578 0.012025567301587884 0.25128978629055004
27.825594022071257 0.247237013300513 0.0 0.003016929675996014 0.00952983658735652 0.2346902470371605
31.25715849688235 0.22744170471423641 0.0 0.0023908612545421155 0.007552206471413803 0.2174986369882805
35.11191734215127 0.20680459601997256 0.0 0.001894714445795881 0.005985634225997883 0.1989242473481788
39.442060594376564 0.18539458086705576 0.0 0.001501529757393006 0.004742984564570132 0.17915006654509263
44.30621457583877 0.16545283603607272 0.0 0.001189939653160263 0.0037588160889391506 0.1605040802939733
49.770235643321136 0.0 0.0 0.0 0.0 0.0
55.90810182512222 0.0 0.0 0.0 0.0 0.0
62.80291441834247 0.0 0.0 0.0 0.0 0.0
70.54802310718645 0.0 0.0 0.0 0.0 0.0
79.24828983539169 0.0 0.0 0.0 0.0 0.0
89.02150854450393 0.0 0.0 0.0 0.0 0.0
100.0 0.0 0.0 0.0 0.0 0.0
