# R total cen sat XB
0.001 0.0 0.0 0.0 0.0
0.0011233240329780276 0.9380635282637543 0.17197598691793636 0.10688508769680108 0.6592024536490169
0.001261856883066021 0.8125701938872387 0.17163039777926395 0.10690709306755451 0.5340327030404203
0.0014174741629268048 0.7640708164458219 0.17121196778213105 0.10693556566288955 0.4859232830008013
0.0015922827933410922 0.6990234657184127 0.17071021854450544 0.10697212959698661 0.42134111757692067
0.001788649529057435 0.6454913977026678 0.1701091203143336 0.10702019328718512 0.3683620841011491
0.002009233002565048 0.5963574202701174 0.16938015613951357 0.10708169269091766 0.3198955714396861
0.002257019719633919 0.5524460427985894 0.16851002876311036 0.10716770800763606 0.276768306027843
0.0025353644939701114 0.5132013339309446 0.1674863288799353 0.10728321722298252 0.2384317878280268
0.002848035868435802 0.47824147069253076 0.16629864283666784 0.1074431246126167 0.20449970324324626
0.0031992671377973846 0.4472715681421935 0.16494001453605614 0.10772572042725541 0.17460583317888193
0.003593813663804626 0.42006612050914927 0.16335293992393368 0.10832518576584962 0.14838799481936596
0.004037017258596553 0.3954647199334558 0.1615745311473549 0.10838701677351367 0.12550317201258718
0.004534878508128582 0.37359080222552815 0.15959647755108794 0.10836983327176947 0.10562449140267076
0.0050941380148163806 0.3541811598519978 0.15738991483593337 0.10834787937068009 0.08844336564538431
0.00572236765935022 0.3369800655232519 0.15497542094705832 0.10833451535569542 0.07367012922049818
0.006428073117284319 0.3216404572563344 0.15229273154130318 0.10831312622166302 0.06103459949336823
0.007220809018385464 0.3080107255413912 0.1494380293060335 0.10828633095671926 0.05028636527863846
0.008111308307896872 0.2958310356732452 0.14638542172191554 0.10825077693006555 0.04119483702126413
0.009111627561154887 0.2849476198682788 0.14319200467614346 0.10820654585611901 0.03354906933601637
0.010235310218990263 0.27510430450689705 0.1397956416155905 0.10815128938360442 0.02715737350770217
0.011497569953977356 0.26617097700970516 0.13624081779455935 0.10808340221855166 0.021846756996594142
0.01291549665014884 0.25803595564984955 0.13257481497456397 0.10799896378303182 0.01746217689225378
0.014508287784959394 0.2505219797252567 0.1287650559292773 0.10789128387585988 0.013865639920119533
0.016297508346206444 0.2435798484971587 0.12488850265487164 0.10775613777456508 0.010935208067721962
0.01830738280295368 0.23698177387128208 0.12082804134967141 0.10758981223395495 0.008563920287655699
0.020565123083486514 0.23077960925882546 0.11673764600330792 0.10738330729484916 0.006658655960668381
0.02310129700083159 0.22504710327180094 0.1127811929283368 0.10712694109761184 0.005138969245852307
0.02595024211399736 0.21927494572432008 0.10853013340161073 0.10680889436313667 0.003935917959572679
0.029150530628251757 0.2138337369640509 0.10442625852625785 0.1064165970178915 0.0029908814199015466
0.03274549162877728 0.20834316441718503 0.1001534644144448 0.1059352784411295 0.0022544215616107466
0.036783797718286326 0.20306937197752045 0.09603621932522835 0.10534795719893403 0.0016851954533580599
0.04132012400115337 0.1976557119432838 0.09177305581408103 0.10463372794437212 0.0012489281848306211
0.046415888336127795 0.19245390796646217 0.08776978355155106 0.10376666809563642 0.0009174563192747017
0.052140082879996844 0.186858865028025 0.08346975666301888 0.10272125631233427 0.0006678520526718533
0.05857020818056667 0.18082968072703448 0.07887850666284935 0.10146955177753281 0.0004816222866523295
0.0657933224657568 0.17483740352472302 0.07451032168626201 0.09998309207996149 0.00034398975849949575
0.07390722033525779 0.16833529563724348 0.06986258313590124 0.09822945041379157 0.00024326208755066485
0.08302175681319744 0.16220407406303552 0.0658561125375099 0.09617768055423535 0.00017028097129025558
0.093260334688322 0.1562547838197557 0.06233828923429947 0.09379854737541993 0.00011794721003628941
0.10476157527896651 0.14827432227974896 0.05712927261789762 0.09106423300949609 8.081665235526933e-05
0.11768119524349979 0.14090854106167042 0.05289970257917265 0.08795407789594369 5.4760586554106634e-05
0.13219411484660287 0.13327524125560883 0.04878626785600708 0.08445229170691743 3.668169268431903e-05
0.1484968262254465 0.12419596683564382 0.043624797701919904 0.08054688624868155 2.428288504237272e-05
0.1668100537200059 0.1141620747744541 0.03792311235141248 0.07622308168065715 1.5880742384465182e-05
0.1873817422860383 0.10366359456258534 0.03218012671644165 0.07147321125223681 1.0256593906884307e-05
0.21049041445120198 0.09132534078102378 0.025006987703667268 0.06631181380912876 6.539268227751892e-06
0.23644894126454072 0.07682100014236913 0.016043517748776954 0.060773368245190446 4.1141484017316025e-06
0.26560877829466867 0.06425070608848084 0.009333896893481209 0.054914255956958535 2.5532380410910194e-06
0.298364724028334 0.05361486142534102 0.004803943732003189 0.04880935528405795 1.562409279878226e-06
0.3351602650938841 0.04477978055867896 0.0022225489640319293 0.04255628923741345 9.423572335844701e-07
0.37649358067924676 0.03722310484201946 0.0009357123053529918 0.036286832561782646 5.599748838210847e-07
0.4229242874389499 0.030536378735795552 0.00036798532483437455 0.030168065729212292 3.276817488830774e-07
0.4750810162102798 0.024504991911028926 0.00013520324925263722 0.02436959992756683 1.887342094594995e-07
0.5336699231206307 0.019116711687848176 4.5758970237837254e-05 0.019070845771116993 1.0694649334552328e-07
0.5994842503189409 0.014442375317842142 1.4812816688358879e-05 0.014427502906637453 5.959451632962203e-08
0.6734150657750821 0.010529903918514218 4.299542929624574e-06 0.01052557173409076 3.264149383359272e-08
0.7564633275546291 0.007388532052568704 1.1698370209640783e-06 0.007387344650643402 1.756490433865108e-08
0.8497534359086438 0.004984527160778491 3.1150702899584783e-07 0.004984206372672769 9.281076725891534e-09
0.9545484566618337 0.0032355022293785876 8.527442659893386e-08 0.0032354121426471628 4.81230482589125e-09
1.072267222010323 0.002029814785909327 2.3579582432271243e-08 0.0020297887592520126 2.447074882008284e-09
1.2045035402587825 0.0012416168886635512 6.387324543824913e-09 0.0012416092816204603 1.2197185471821445e-09
1.3530477745798062 0.0007352497238715394 1.6620633172697963e-09 0.0007352474661891679 5.956190543391523e-10
1.5199110829529332 0.0004073008567286902 4.0223526279933887e-10 0.0004073001696924101 2.8480101727311793e-10
1.7073526474706904 0.0002016182818520725 8.909056949133304e-11 0.00020161805949637783 1.332651251817031e-10
1.9179102616724888 8.58045324075571e-05 1.700653068810186e-11 8.580445442396064e-05 6.097706576484171e-11
2.1544346900318843 3.3850134803506664e-05 2.2677511101163257e-12 3.385010527721958e-05 2.7258535973047612e-11
2.420128264794381 1.3111622431141547e-05 9.092666494870502e-14 1.3111610442980478e-05 1.189723440482378e-11
2.71858824273294 5.007808552643336e-06 -2.4690382564380807e-15 5.007803488006684e-06 5.067105691096452e-12
3.0538555088334154 1.4490999863502957e-06 8.006360818882268e-16 1.449097880769647e-06 2.1047800126874613e-12
3.4304692863149193 6.674821489712119e-08 -1.445919785779163e-16 6.674736288209937e-08 8.521596137940161e-13
3.8535285937105273 -4.222401207704666e-07 -9.183134986068776e-18 -4.222404567699653e-07 3.36008681876742e-13
4.328761281083057 -3.905656002794975e-07 1.817420485720177e-17 -3.9056572916980353e-07 1.2887213183747002e-13
4.862601580065354 -1.0994792487826113e-07 -8.282873588832561e-18 -1.0994797289481888e-07 4.802484062291429e-14
5.462277217684343 2.037183179724029e-08 2.7012167699199364e-18 2.037181441592584e-08 1.7378613232122247e-14
6.13590727341317 -5.900354273288322e-09 -7.016831508952952e-19 -5.900360376217862e-09 6.1036312239286156e-15
6.892612104349695 1.263011115130974e-09 1.3990909268905904e-19 1.2630090354586972e-09 2.0795323677323997e-15
7.742636826811269 -1.322759375144901e-10 -1.56738370460264e-20 -1.3227662431216535e-10 6.868133490794554e-16
8.697490026177835 -3.7204806167247693e-11 -2.4095209473470827e-21 -3.720502575463165e-11 2.1958979347129887e-16
9.770099572992246 2.6805845568676782e-11 2.0316483282103936e-21 2.6805777746791427e-11 6.781985370353469e-17
10.974987654930567 -1.0012548409332916e-11 -7.572799059251708e-22 -1.0012568622505204e-11 2.0213929568345636e-17
12.32846739442066 2.865133914857965e-12 2.133907064869782e-22 2.865128102822176e-12 5.811822398117543e-18
13.848863713938718 -6.517526786108913e-13 -4.7835687739958935e-23 -6.517542900953375e-13 1.6115322818581624e-18
15.556761439304722 1.0497243110751927e-13 7.661762301393894e-24 1.0497200027080523e-13 4.308290522863864e-19
17.47528400007683 -3.5738933337140506e-15 -3.049524741631114e-25 -3.574004267772201e-15 1.109343631023641e-19
19.630406500402724 -5.070204687325115e-15 -3.3580320998125973e-25 -5.07023211370294e-15 2.7426713628460846e-20
22.051307399030456 2.4276637236027654e-15 1.6218628793069373e-25 2.4276572313930654e-15 6.492047513735349e-21
24.77076355991709 -7.701902793345117e-16 -5.1255908827668414e-26 -7.701917498026487e-16 1.470519392988856e-21
27.825594022071257 1.931847993373706e-16 1.278943589345972e-26 1.931844805360431e-16 3.1878853807812674e-22
31.25715849688235 -3.747780965959228e-17 -2.471432211107504e-27 -3.747787583806537e-17 6.61809445278286e-23
35.11191734215127 4.249210121908774e-18 2.813311526327781e-28 4.249196961477012e-18 1.3160150430861713e-23
39.442060594376564 5.029444332659885e-19 3.1343040643811546e-29 5.029419330196492e-19 2.500214996264977e-24
44.30621457583877 -4.610243449840087e-19 -2.9409490266418984e-29 -4.610247956608193e-19 4.507062201618431e-25
49.770235643321136 1.709018649844008e-19 1.0898636928549494e-29 1.709017880601345e-19 7.691336764407705e-26
55.90810182512222 -4.758428301115797e-20 -3.0283849372371413e-30 -4.7584295436470926e-20 1.2428341346224753e-26
62.80291441834247 1.0539220090600306e-20 6.694139418545545e-31 1.0539218185008883e-20 1.9049220092834397e-27
70.54802310718645 -1.673069724088975e-21 -1.0618858454335015e-31 -1.6730700016952655e-21 2.777124789133975e-28
79.24828983539169 6.942050579515293e-23 4.493695301798484e-33 6.942046724850415e-23 3.854215509372662e-29
89.02150854450393 6.982502531606137e-23 4.364231820091721e-33 6.982502026487712e-23 5.046820016015839e-30
100.0 -3.367653905464935e-23 -2.1079723379322122e-33 -3.3676539669539083e-23 6.169977043542328e-31
