# theta cen
0.001 124.57286410087626
0.0011233240329780276 119.21660101138013
0.001261856883066021 113.21301395928282
0.0014174741629268048 106.5991104057871
0.0015922827933410922 99.45349068946993
0.001788649529057435 91.88185753114013
0.002009233002565048 84.02646658090069
0.002257019719633919 76.04935949837649
0.0025353644939701114 68.12318821828629
0.002848035868435802 60.420541788903925
0.0031992671377973846 53.087595082682206
0.003593813663804626 46.249837294013076
0.004037017258596553 39.993681551837156
0.004534878508128582 34.36468586419203
0.0050941380148163806 29.377611101288927
0.00572236765935022 25.015610459961938
0.006428073117284319 21.233636493492263
0.007220809018385464 17.981410337184705
0.008111308307896872 15.20049110167755
0.009111627561154887 12.831852542706015
0.010235310218990263 10.818353773391385
0.011497569953977356 9.112469065446424
0.01291549665014884 7.665598905349106
0.014508287784959394 6.439547401875517
0.016297508346206444 5.400556047604988
0.01830738280295368 4.519836457608842
0.020565123083486514 3.7728804256835096
0.02310129700083159 3.1387596405508105
0.02595024211399736 2.6001097081766376
0.029150530628251757 2.141961586261986
0.03274549162877728 1.7517168998550094
0.036783797718286326 1.4184513970135246
0.04132012400115337 1.1327852822700284
0.046415888336127795 0.8858504278399317
0.052140082879996844 0.6694045395639024
0.05857020818056667 0.4764206158635288
0.0657933224657568 0.2819092858796429
0.07390722033525779 0.03607478786182922
0.08302175681319744 -0.003953516355846817
0.093260334688322 -0.0004435375448464313
0.10476157527896651 0.0007201888627527589
0.11768119524349979 -0.00029463990868839284
0.13219411484660287 0.0001048081210566267
0.1484968262254465 -2.189587601354912e-05
0.1668100537200059 6.465756493779766e-06
0.1873817422860383 8.341683838417555e-07
0.21049041445120198 9.88275162091648e-07
0.23644894126454072 4.1277707640114724e-07
0.26560877829466867 1.2217041167152727e-07
0.298364724028334 8.783680313515323e-08
0.3351602650938841 4.451983505451746e-08
0.37649358067924676 3.392569576030414e-08
0.4229242874389499 8.667983222757285e-08
0.4750810162102798 1.6532064809014114e-08
0.5336699231206307 5.091276335945646e-09
0.5994842503189409 2.250754178976651e-09
0.6734150657750821 1.182141383497251e-09
0.7564633275546291 8.595219752393541e-10
0.8497534359086438 1.2425710098612805e-09
0.9545484566618337 2.4297002497192897e-09
1.072267222010323 2.3417614234662825e-10
1.2045035402587825 4.793691178745174e-11
1.3530477745798062 1.0887283052476278e-11
1.5199110829529332 1.0990852049683453e-11
1.7073526474706904 2.367251236777186e-11
1.9179102616724888 2.245168800966811e-10
2.1544346900318843 1.882302017688079e-11
2.420128264794381 1.4832946510816856e-12
2.71858824273294 -1.0337013612093145e-15
3.0538555088334154 2.698524312631867e-16
3.4304692863149193 5.1463619833113966e-15
3.8535285937105273 1.6324456075310001e-12
4.328761281083057 4.235910665208025e-12
4.862601580065354 -2.5434238694589482e-15
5.462277217684343 5.031442779124257e-19
6.13590727341317 1.9211393697263104e-21
6.892612104349695 2.774308546041824e-20
7.742636826811269 -7.55195805089922e-18
8.697490026177835 4.4285820089319407e-13
9.770099572992246 -2.6204873512476206e-17
10.974987654930567 4.827760031118068e-22
12.32846739442066 3.679289750696959e-25
13.848863713938718 -8.182385480443902e-26
15.556761439304722 -4.4107855247708735e-24
17.47528400007683 -1.9421064677548674e-20
19.630406500402724 -5.860361728124641e-17
22.051307399030456 9.944228529249612e-25
24.77076355991709 2.463013289284901e-20
27.825594022071257 -1.0674171849414736e-16
31.25715849688235 3.1037460382683396e-24
35.11191734215127 2.9394497692131798e-27
39.442060594376564 2.069221787361929e-29
44.30621457583877 -1.4059845208707001e-31
49.770235643321136 -1.6972811697388865e-32
55.90810182512222 -1.6972811697388865e-32
62.80291441834247 -1.6972811697388865e-32
70.54802310718645 -1.6972811697388865e-32
79.24828983539169 -1.6972811697388865e-32
89.02150854450393 -1.6972811697388865e-32
100.0 -1.6972811697388865e-32
