# R total cen sat XB
0.001 0.0 0.0 0.0 0.0
0.0011233240329780276 6.501256151764651e+178 0.4639729687264947 0.45131746242354315 2.981990438904377
0.001261856883066021 3.367790665327814e+179 0.4622232834560486 0.4645259326784109 25.979662830397615
0.0014174741629268048 -5.376124066519839e+178 0.46004375062640535 0.45931686001352434 22.708129547189753
0.0015922827933410922 1.1380023906129004e+178 0.45732489644661606 0.4575060143898235 23.259327185534193
0.001788649529057435 -1.829156342140453e+177 0.4539496656362483 0.45391857395802704 22.808770869737025
0.002009233002565048 1.685018180225296e+176 0.449776120641156 0.4497768955080106 22.47440368304023
0.002257019719633919 1.5453796201115298e+176 0.4446401723906872 0.4446420786514814 22.035731312891237
0.0025353644939701114 -1.564074589653666e+177 0.4383582343783853 0.4383573078323421 21.505132156235593
0.002848035868435802 9.661587215859622e+177 0.4307312828929373 0.430731585531498 20.86913076479901
0.0031992671377973846 -4.55191693671566e+178 0.4215534047686053 0.4215533265286267 20.113896324923147
0.003593813663804626 2.84761856590437e+179 0.4106227647625418 0.41062278044482464 19.22985774323508
0.004037017258596553 5.172655789988785e+178 0.3977678039644025 0.3977678020889473 18.211410258161987
0.004534878508128582 1.252607925454715e+176 0.3828661744295472 0.38286617423577624 17.05984845929516
0.0050941380148163806 -2.3158999364849546e+177 0.3658747962225657 0.36587479641958326 15.785199316179725
0.00572236765935022 9.210567082900514e+176 0.34685221727718113 0.34685221720216175 14.407533929114127
0.006428073117284319 -4.5931682574764263e+176 0.32598201702641555 0.3259820170477324 12.956878072133769
0.007220809018385464 9.962057718781169e+176 0.3035753348875226 0.30357533488269905 11.47139659890843
0.008111308307896872 -3.0576123398722697e+177 0.2800516422655729 0.2800516422663644 9.99388171682113
0.009111627561154887 5.0525614540318195e+177 0.25591494736536896 0.255914947365328 8.567115463044926
0.010235310218990263 2.5972003583492473e+178 0.2317033768606084 0.23170337686057807 7.229099942999103
0.011497569953977356 3.2240100235144307e+179 0.20794014083445106 0.20794014083446635 6.009221749704523
0.01291549665014884 -4.920454841262244e+178 0.18508980472111988 0.18508980472111497 4.926142981192785
0.014508287784959394 1.1621815561742484e+178 0.16352625270344895 0.16352625270345017 3.987631856382768
0.016297508346206444 -2.160462621866507e+177 0.14351888817378455 0.14351888817378428 3.1919611811408646
0.01830738280295368 2.6932236905008293e+176 0.12522754297265531 0.12522754297265537 2.530236100821391
0.020565123083486514 1.348392112240541e+174 0.10871838793970309 0.10871838793970309 1.9889823116798246
0.02310129700083159 -1.2566968494156617e+175 0.09397980670857119 0.09397980670857119 1.552490879555982
0.02595024211399736 4.751022139922884e+174 0.08094147592922143 0.08094147592922143 1.2046496664938284
0.029150530628251757 -1.2615423925059448e+174 0.06949607143605155 0.06949607143605155 0.9301860210141121
0.03274549162877728 2.655657989427536e+173 0.059511729862544896 0.059511729862544896 0.7153818590714831
0.036783797718286326 -4.2003142276788854e+172 0.05084700297407422 0.05084700297407422 0.5483878028963051
0.04132012400115337 3.2054148295945877e+171 0.04335889149805507 0.04335889149805507 0.4192645230437295
0.046415888336127795 7.455772959105154e+170 0.0369091153348759 0.0369091153348759 0.3198599362059626
0.052140082879996844 -4.2381437960071153e+170 0.031368141078281925 0.031368141078281925 0.24360405494889506
0.05857020818056667 1.2963765951317504e+170 0.02661900984754351 0.02661900984754351 0.18527258766339935
0.0657933224657568 -3.054324270359845e+169 0.022556289700054542 0.022556289700054542 0.14075391074895097
0.07390722033525779 5.660657983421726e+168 0.019084082155753468 0.019084082155753468 0.10683887681586801
0.08302175681319744 -7.008155610863705e+167 0.016120964673969618 0.016120964673969618 0.08103914067385937
0.093260334688322 -5.321371958667013e+165 0.0135933194537234 0.0135933194537234 0.061435266151159976
0.10476157527896651 3.439962331559113e+166 0.011439696141878791 0.011439696141878791 0.04655283612991662
0.11768119524349979 -2.0624950982277096e+166 0.009604325749980935 0.009604325749980935 0.03526311091796879
0.13219411484660287 4.618425354556733e+166 0.008042096066097465 0.008042096066097465 0.02670385824550401
0.1484968262254465 -1.7991943111353772e+167 0.006710877819364411 0.006710877819364411 0.020217717223075138
0.1668100537200059 5.730206985039883e+167 0.005577366024271873 0.005577366024271873 0.01530434891615864
0.1873817422860383 -9.184432747128844e+167 0.0046108261246997845 0.0046108261246997845 0.011583428384581797
0.21049041445120198 -5.109983311758411e+168 0.0037870173752245773 0.0037870173752245773 0.008766164234265694
0.23644894126454072 6.088171331113196e+169 0.003082328432714011 0.003082328432714011 0.006633513661396572
0.26560877829466867 -3.7566958043110214e+170 0.002479487553172152 0.002479487553172152 0.005019193417000762
0.298364724028334 1.7573511526872131e+171 0.001958940100332007 0.001958940100332007 0.003798302385426482
0.3351602650938841 -6.507082759521119e+171 0.001508023226973635 0.001508023226973635 0.002871199901222314
0.37649358067924676 1.6578215837668448e+172 0.0011019416360136573 0.0011019416360136573 0.0021792898037297243
0.4229242874389499 3.792406584064169e+171 0.0007400134117937589 0.0007400134117937589 0.0016458682993650729
0.4750810162102798 -4.003227895403043e+173 0.0002788538027397255 0.0002788538027397255 0.0011090024135165656
0.5336699231206307 3.086423328083095e+174 -4.965776405416075e-05 -4.965776405416075e-05 -0.00012867951484446822
0.5994842503189409 -1.630750401868192e+175 1.5623403382444143e-05 1.5623403382444143e-05 3.397916825932793e-05
0.6734150657750821 6.80123733987695e+175 -3.864867711383603e-06 -3.864867711383603e-06 -7.116043851921859e-06
0.7564633275546291 -2.1657514096433193e+176 6.48345200971671e-07 6.48345200971671e-07 1.116094419544643e-06
0.8497534359086438 3.4129249812802247e+176 -7.79833723363271e-09 -7.79833723363271e-09 -8.220805450653249e-08
0.9545484566618337 1.9827218013639852e+177 -4.375278855584776e-08 -4.375278855584776e-08 -2.084824108547788e-08
1.072267222010323 -2.3283745134179337e+178 2.064770737725692e-08 2.064770737725692e-08 1.1527083709361156e-08
1.2045035402587825 1.6490130264515012e+179 -6.66782838266715e-09 -6.66782838266715e-09 -3.5005018386592593e-09
1.3530477745798062 1.9425171934668356e+179 1.707657475896761e-09 1.707657475896761e-09 8.206292603375543e-10
1.5199110829529332 -2.9594442761467556e+178 -3.3753668680740005e-10 -3.3753668680740005e-10 -1.5115833879851315e-10
1.7073526474706904 3.6120909155899154e+177 3.867681515644935e-11 3.867681515644935e-11 1.8449330733831903e-11
1.9179102616724888 4.656201721849851e+175 4.912097846142312e-12 4.912097846142312e-12 2.378229328588653e-13
2.1544346900318843 -1.7894297101481552e+176 -4.4571290426466465e-12 -4.4571290426466465e-12 -9.139797784430072e-13
2.420128264794381 6.647081285973815e+175 1.6677667341763245e-12 1.6677667341763245e-12 3.395102834491304e-13
2.71858824273294 -1.7503937504370758e+175 -4.691969517245233e-13 -4.691969517245233e-13 -8.940415391225582e-14
3.0538555088334154 3.6562472750685476e+174 1.0504191170759197e-13 1.0504191170759197e-13 1.8674866385912947e-14
3.4304692863149193 -5.710178437886155e+173 -1.688783811110401e-14 -1.688783811110401e-14 -2.9165647546430236e-15
3.8535285937105273 4.1287507844716905e+172 7.361345058686372e-16 7.361345058686372e-16 2.1088253457719553e-16
4.328761281083057 1.0936390016286646e+172 7.038561952745222e-16 7.038561952745222e-16 5.585935713129703e-17
4.862601580065354 -5.966760439097775e+171 -3.436957899803798e-16 -3.436957899803798e-16 -3.0476181060487275e-17
5.462277217684343 1.8054925385589717e+171 1.0881211302892924e-16 1.0881211302892924e-16 9.221841243688703e-18
6.13590727341317 -4.2221130358337876e+170 -2.7174326039153963e-17 -2.7174326039153963e-17 -2.1565116054394608e-18
6.892612104349695 7.753031640428767e+169 5.26310748848711e-18 5.26310748848711e-18 3.95998462571294e-19
7.742636826811269 -9.394423779527626e+168 -6.0614984239539455e-19 -6.0614984239539455e-19 -4.798351852502435e-20
8.697490026177835 -1.4679558428450165e+167 -6.292486116148957e-20 -6.292486116148957e-20 -7.4978187094955035e-22
9.770099572992246 4.748101398380891e+167 6.124352017024804e-20 6.124352017024804e-20 2.4251685548228453e-21
10.974987654930567 -1.7537117598033053e+167 -2.279045342836363e-20 -2.279045342836363e-20 -8.957362653519377e-22
12.32846739442066 4.6054178859266535e+166 6.343595679444241e-21 6.343595679444241e-21 2.352290674031653e-22
13.848863713938718 -9.59489238293119e+165 -1.4050378029940699e-21 -1.4050378029940699e-21 -4.900744390574468e-23
15.556761439304722 1.4920701264562345e+165 2.2399942196047168e-22 2.2399942196047168e-22 7.620986260963445e-24
17.47528400007683 -1.0584337082874259e+164 -9.999044870825478e-24 -9.999044870825478e-24 -5.406119059669858e-25
19.630406500402724 -2.929074679481888e+163 -8.975524228801157e-24 -8.975524228801157e-24 -1.4960716318799727e-25
22.051307399030456 1.577447443442577e+163 4.372959506121915e-24 4.372959506121915e-24 8.057064531155874e-26
24.77076355991709 -4.756311145805885e+162 -1.3766524443933309e-24 -1.3766524443933309e-24 -2.4293618143233525e-26
27.825594022071257 1.109487732455264e+162 3.4170088680056754e-25 3.4170088680056754e-25 5.666885634813398e-27
31.25715849688235 -2.031016614431888e+161 -6.576688050352434e-26 -6.576688050352434e-26 -1.0373741448155663e-27
35.11191734215127 2.4429504040072918e+160 7.517004213223047e-27 7.517004213223047e-27 1.2477759010813315e-28
39.442060594376564 4.499432950174052e+158 7.844862997638806e-28 7.844862997638806e-28 2.2981571768911393e-30
44.30621457583877 -1.2597265462289763e+159 -7.556244543306606e-28 -7.556244543306606e-28 -6.434254349816279e-30
49.770235643321136 4.626677844781983e+158 2.7992393166683783e-28 2.7992393166683783e-28 2.363149537262829e-30
55.90810182512222 -1.2116876297081227e+158 -7.760957318020351e-29 -7.760957318020351e-29 -6.188887918101358e-31
62.80291441834247 2.5178522596576785e+157 1.7117884523146837e-29 1.7117884523146837e-29 1.2860332190659778e-31
70.54802310718645 -3.898497440126753e+156 -2.713167547617244e-30 -2.713167547617244e-30 -1.9912197759880921e-32
79.24828983539169 2.7115219382766397e+155 1.1729221303465096e-31 1.1729221303465096e-31 1.3849530978136243e-33
89.02150854450393 7.84193505844635e+154 1.096003047279076e-31 1.096003047279076e-31 4.005393465099989e-34
100.0 -4.170102061031989e+154 -5.302733580426494e-32 -5.302733580426494e-32 -2.129946170118721e-34
