# k numerical analytic
0.0020000000000000005 0.9999975256331239 0.9999997758318729
0.0023372025923508863 0.9999974418566507 0.9999996938695214
0.002731257978845848 0.9999973213327095 0.9999995819393711
0.0031917516142687787 0.99999717235477 0.9999994290843369
0.003729885073504553 0.9999969403244778 0.9999992203411144
0.004358748531482858 0.9999966754001944 0.9999989352753975
0.005093639183593676 0.9999962313011725 0.999998545981545
0.005952433352197589 0.999995752235019 0.9999980143508551
0.006956021330776039 0.999994914472734 0.9999972883411005
0.0081288155433689 0.9999939629979616 0.9999962968821159
0.009499344380351984 0.9999924732263019 0.9999949429188192
0.011100946155696232 0.9999906041947114 0.9999930939107059
0.01297258006632041 0.9999879549763397 0.9999905688579998
0.015159773880241745 0.9999843164979942 0.99998712058471
0.017715731406177108 0.9999796054851314 0.999982411544913
0.020702626683954572 0.9999725754726778 0.9999759807849967
0.02419311637710561 0.9999641980944676 0.9999671988299322
0.02827210715680894 0.9999507015050957 0.9999552060813025
0.03303882106905792 0.9999358045621061 0.9999388287042635
0.038609209125409626 0.999910034637673 0.9999164637834984
0.0451187718282624 0.9998816771942156 0.9998859225319621
0.05272585524035147 0.9998345748011881 0.9998442162527004
0.06161550277583347 0.9997785558159261 0.999787264192079
0.07200395640834055 0.9996948064941804 0.9997094948554412
0.08414391678854682 0.9995852598643558 0.9996033020737524
0.09833069022437442 0.9994363677749721 0.9994583031647809
0.11490937205002985 0.9992244247223947 0.9992603276690598
0.13428324112037102 0.9989606256232629 0.9989900397166175
0.15692356962790505 0.9985520159097272 0.9986210629859857
0.1833810868676471 0.9980817615523313 0.9981174318200858
0.2142993758075939 0.9972999239711959 0.9974301322307897
0.25043052833834234 0.9964604628725983 0.9964924188277535
0.2926534400180878 0.9949792451719218 0.9952134950382341
0.3419951893353397 0.9933160194925185 0.9934700229804398
0.3996560215430435 0.9906938096423141 0.9910947894141304
0.4670385447995214 0.9874460130771596 0.987861709480681
0.5457818488166128 0.9828201200571336 0.9834662368088151
0.6378013759561234 0.9765681548627891 0.9775002464991284
0.7453355146448067 0.9684447267144073 0.9694207261206319
0.8710000484995111 0.9566549801063621 0.9585124508463454
1.0178517856454024 0.9425953530762223 0.9438467722885535
1.189462916019705 0.9209573271646657 0.9242426252894984
1.3900079054132493 0.8970597331890595 0.898243254638685
1.6243650399600356 0.8590436029826859 0.8641348377665719
1.8982350911593706 0.8182499520772658 0.8200527720821819
2.2182799879745505 0.7579259340698422 0.7642469715588364
2.592284869227103 0.6925056482550945 0.6955993863598571
3.0293474582347812 0.6098711570898505 0.6144738513617779
3.540099366258945 0.5238618566171243 0.5238583685438649
4.136964708000067 0.43237252655145025 0.4304143219797782
4.834462320000942 0.35280116318972243 0.3443929948300381
5.649558933464434 0.283637352058524 0.2767117369641728
6.60208189246609 0.23789304455962287 0.2321707492423541
7.715201456992285 0.20284218688802003 0.20237479963228314
9.01599442289585 0.16695127097940013 0.16972228357024363
10.536102768906655 0.13089942552597567 0.12957062205304695
12.312503352381977 0.10701245503208148 0.10067428382670159
14.388407376758066 0.08401113481896844 0.08477191133627686
16.814311510379763 0.06566237116069505 0.06256123467373334
19.64922622532746 0.04948965378263804 0.050457482348338585
22.962111235762176 0.03845945130103393 0.03692626460697123
26.833552953036353 0.02940976867975671 0.029598417331199
31.35772476191063 0.02278039271209533 0.022233539313168776
36.644677801881585 0.01740431874894389 0.016453583088202935
42.823017977210256 0.012854302075417136 0.012411306255376819
50.04303431431215 0.00960342533597331 0.009333136648278019
58.480354764257406 0.006773131173792508 0.0065769401057079605
68.34021837831087 0.005169393052850076 0.005029183226682936
79.86246777780683 0.003727245290492116 0.003723418600188993
93.32738336091451 0.002864256904881465 0.0026416105702449593
109.06250116422727 0.0020768782559938376 0.0020142129607470804
127.4505802246516 0.0015679690666381408 0.0014449807094216447
148.93891324883998 0.001135915141144693 0.0011022698619006953
174.05020707355644 0.000836855323729924 0.000779550479915831
203.39529758576208 0.0006059092496340262 0.0005692824726801158
237.68800839471126 0.00043810464825968804 0.0004252409604056944
277.76251469541944 0.0 0.00031704400851323135
324.5936347020173 0.0 0.00023171840593094726
379.3205422430753 0.0 0.00016233745117247796
443.27447733122915 0.0 0.00011903435820536301
518.011128770767 0.0 8.92268071246012e-05
605.3484765148219 0.0 6.571133664622099e-05
707.4110142930498 0.0 4.76562323315603e-05
826.6814282316436 0.0 3.5627530462545854e-05
966.0609885556642 0.0 2.634856024673799e-05
1128.9401234106776 0.0 1.9273908181376267e-05
1319.2808915221838 0.0 1.3454817442457223e-05
1541.7133598523162 0.0 9.97072540888716e-06
1801.648230654412 0.0 7.438697150905628e-06
2105.408457594937 0.0 5.404978663619665e-06
2460.383052524186 0.0 4.051277832957937e-06
2875.206824267854 0.0 2.9409726094009155e-06
3359.9704216118894 0.0 2.133287471215555e-06
3926.465789806807 0.0 1.5452433825474502e-06
4588.473011356764 0.0 1.1358250005400325e-06
5362.095508537547 0.0 8.294346336070124e-07
6266.151761493492 0.0 6.161695231445706e-07
7322.633070513337 0.0 4.4933727900152636e-07
8557.23849761904 0.0 3.2883174251018645e-07
10000.0 0.0 2.4605374830793645e-07
